5
6
12
18
15
10
12
8
7
11
10
15
7
8
4
15
8
14
12
7
12
7
7
13
18
11
13
10
10
14
5
4
10
10
5
12
13
10
12
13
9
11
8
11
9
4
13
12
8
9
11
12
11
9
10
13
7
6
10
12
8
16
10
9
7
10
9
5
16
17
8
14
13
8
4
10
5
12
8
11
10
17
15
3
10
9
10
12
16
12
15
15
12
6
13
12
16
10
7
7
18
21
28
25
16
27
22
23
17
14
18
18
16
26
23
15
15
16
22
22
19
12
15
20
24
19
19
14
21
23
17
16
17
20
16
17
20
18
23
23
18
22
23
19
22
15
22
13
14
21
16
21
27
10
20
19
19
21
25
20
20
26
15
20
16
21
24
24
22
18
20
24
17
19
16
22
15
16
13
22
18
23
21
29
16
12
20
14
16
19
25
17
16
22
21
14
14
19
18
20
29
30
31
28
31
22
29
34
25
22
39
27
38
31
31
32
27
28
28
35
25
28
32
30
30
27
36
25
24
40
31
33
24
29
21
28
21
42
28
29
40
27
25
26
38
24
29
27
22
31
35
37
35
32
22
36
39
29
36
22
25
30
27
33
20
22
25
31
26
18
28
35
28
25
34
25
25
24
34
31
21
30
31
33
31
27
35
26
31
35
29
22
31
45
33
35
29
34
28
25
36
27
51
52
40
52
44
41
35
42
44
37
24
40
27
34
54
42
40
42
28
31
36
45
34
38
39
48
45
33
35
39
35
37
43
49
48
47
44
39
38
38
37
34
33
36
32
49
45
45
55
41
46
52
37
36
41
42
49
38
35
29
31
52
49
36
46
43
39
38
30
34
39
31
39
42
35
39
29
50
50
42
45
53
43
42
39
28
47
45
36
35
38
43
35
30
40
39
33
29
53
52
50
45
52
54
33
52
42
53
46
43
45
51
36
65
45
39
52
53
48
43
38
57
54
49
50
48
52
43
60
61
53
46
50
46
42
42
55
47
51
47
46
55
40
48
43
47
51
49
49
49
63
48
55
43
51
46
50
50
51
45
44
56
50
45
52
36
39
50
41
57
44
40
57
62
60
44
45
47
62
55
48
45
46
46
45
51
42
44
54
55
46
64
44
50
47
41
65
55
